The dataset is: chest_xray_3
The start time is 2022-01-26 23:09:24.164307 and end time 2022-01-26 23:34:34.277708
Architecture: conv+transformer
learning rate: 0.1
epoch: 100
weight_decay: 0.0001
Momentum: 0.9

        batch_size: 128
Testing Accuracy: [61.057692209879555, 63.621794822888496, 61.6987180465307, 65.54487189268454, 62.17948710612762, 65.54487169705905, 63.461538467651756, 71.31410217285156, 71.15384615384616, 72.91666666666667, 69.55128185565655, 63.14102564713894, 67.46794891357422, 65.38461531125583, 76.28205128205128, 74.51923057360527, 62.5, 63.62179496960762, 74.67948678823618, 71.31410256410257, 64.58333335778651, 71.15384610493977, 68.26923057360527, 78.68589743589743, 70.51282051282051, 69.0705126737937, 76.6025642981896, 65.86538451757187, 69.71153851044484, 79.32692268567207, 76.6025641025641, 75.96153855935121, 72.59615404177934, 70.99358954796425, 66.82692293020395, 80.60897416334886, 79.32692307692308, 82.37179487179488, 83.65384615384616, 72.27564122126653, 75.64102544540015, 74.51923037797977, 77.56410256410257, 67.94871799762433, 74.999999608749, 76.12179506742038, 72.5961539439666, 81.41025582337991, 75.16025611681816, 73.5576919164413, 82.05128185565655, 76.12179467616937, 73.07692327254858, 71.31410246628981, 80.28846173408704, 75.48076942639473, 74.51923096485628, 77.72435868092073, 71.95512791168996, 69.07051282051282, 75.64102554321289, 82.85256380912585, 81.249999608749, 83.49358915671324, 78.20512840075371, 80.92948737511269, 72.5961537483411, 72.11538441975911, 82.21153846153847, 69.71153846153847, 78.68589743589743, 83.33333323552058, 77.88461509117714, 69.71153836372571, 81.08974319849258, 69.55128200237567, 79.8076919164413, 80.12820493257962, 81.249999608749, 70.03205113533215, 84.13461499336438, 70.19230774121407, 83.81410197722606, 73.55769250331781, 67.9487178509052, 76.4423078879332, 84.93589684902093, 80.28846144064879, 78.68589753371019, 85.57692249004657, 73.87820493257962, 81.4102560190054, 82.05128205128206, 71.4743589254526, 80.44871794871794, 82.8525639069386, 65.22435899881216, 79.16666627541566, 71.31410241738344, 79.00641035422301]
Training Accuracy": [67.829754601227, 74.02223917019148, 75.70935578141476, 76.70628824994608, 76.07361953828963, 77.45398768325525, 78.94938640945529, 78.5659508266332, 77.89493855669454, 80.67484653215467, 77.72239263803681, 81.15414101068228, 82.1510735260197, 80.48312883435582, 84.7967790474921, 85.94708579595834, 72.31595087343929, 76.22699377141848, 81.34585889570552, 84.3941717791411, 80.54064407816693, 85.46779131743074, 86.02377300613497, 86.96319013724298, 87.59585889570552, 86.52223917019148, 88.01763794319761, 86.50306739105038, 87.78757659350435, 88.97622690025283, 87.73006125608104, 88.63113496932516, 89.78144171779141, 88.15184049079754, 88.66947848080126, 87.90260731515708, 89.12960118018776, 90.1457054278602, 90.33742321927123, 90.35659504521844, 90.47162567325897, 89.22546007589328, 89.26380363417549, 90.75920240718163, 88.78450910884179, 88.59279141104294, 90.1648773006135, 88.68865021313627, 89.24463180822829, 89.47469320472764, 89.35966248307491, 90.85506134969326, 91.16180981595092, 89.26380363417549, 90.50996932515338, 89.95398773006134, 90.06901835810187, 89.87730061349693, 90.93174846625767, 91.79447852760737, 90.6441716855289, 90.98926371006878, 91.00843548920989, 92.10122694705893, 91.71779141104294, 90.04984653215467, 90.75920236037553, 90.37576682435954, 90.01150306748467, 90.49079745240007, 91.64110424767243, 92.98312878754973, 92.35046002908719, 91.90950920245399, 91.58358895705521, 91.60276064258412, 90.74003062804053, 92.54217782049822, 93.13650306748467, 93.07898773006134, 91.90950920245399, 92.23542940104666, 91.67944780595464, 92.81058272847369, 92.75306748466258, 92.77223917019148, 92.15874228448224, 91.81365025994236, 92.81058272847369, 92.71472383276817, 91.46855818859639, 92.12039867939393, 90.87423308202825, 91.9861962254062, 92.35046002908719, 93.3090489861424, 93.04064417177914, 90.72085884889943, 90.56748461577058, 92.71472387957427]
Testing Loss":
         [0.7235284738051586, 0.7011646857628455, 0.7184475110127375, 0.7467411206318781, 0.6806784134644729, 0.7356140063359187, 0.7355843430910355, 0.5554434733513074, 0.5556953870333158, 0.528005349330413, 0.55372809446775, 0.6514181082065289, 0.6908783553502499, 0.6887778960741483, 0.4939283667466579, 0.6123059071027316, 0.7854946821163862, 0.649957021077474, 0.5176886702195193, 0.6020910541216532, 0.8326296042173337, 0.5722178388864566, 0.673824837574592, 0.4847844854379312, 0.8072230380315047, 0.741535137861203, 0.560671512897198, 0.6713022635533259, 1.1715363619419246, 0.4323783058386583, 0.586417169142992, 0.6022680661617181, 0.6802059350869595, 0.8520635993052752, 0.9295091468554276, 0.49665459455587924, 0.5519842413755564, 0.4092495395587041, 0.3966059516637753, 1.045418972388292, 0.6432672188832209, 0.6472871540448605, 0.5420978374970264, 0.9858389706947864, 0.7365372883967864, 0.5128378898669512, 0.9154073290335827, 0.42596835356492263, 0.7180266983998127, 0.6964731957667913, 0.534350146085788, 0.7088652917971978, 0.7021196385224661, 0.6623931190906427, 0.5344945604984577, 0.7061248169495509, 0.8462482408071176, 0.5446155957686596, 0.7136009778731909, 1.076359388537896, 0.6835582156976064, 0.5045420787273309, 0.5203209733351682, 0.4724252957564134, 0.6717960620537783, 0.5096167631638355, 0.705556285686982, 1.0055843100715907, 0.48795902576202, 1.192823629348706, 0.6592858747029916, 0.5320669450821021, 0.6207847052659744, 0.8081409060038053, 0.4754342650755858, 0.9505141774813334, 0.6195874642103146, 0.6760236460428971, 0.5658150918972797, 1.1333049077254076, 0.43171878502919125, 1.1586052240469518, 0.37240880269270676, 0.7446297697531872, 0.9224110566652738, 0.8023017511153833, 0.369613739160391, 0.5877876465137188, 0.675644936087804, 0.39782654016445845, 0.7075473776994607, 0.4277047377366286, 0.5586536389130813, 0.9073748195018524, 0.561118123623041, 0.5668544081541208, 1.5232428189080496, 0.7976527061217871, 1.1668367863465579, 0.6291811787165128]
Training Loss": [0.81853518164231, 0.5486837276286143, 0.5181957691725046, 0.49903005836931474, 0.49531682868676685, 0.46673942727545287, 0.43012284866871275, 0.4455987127280674, 0.45765789136564805, 0.41529382536747705, 0.4581154343540683, 0.39469868749197273, 0.3791673360792406, 0.41235276105945096, 0.33423621449733804, 0.3182277644704456, 0.5928863751376333, 0.4770011746444585, 0.3909232852283431, 0.34314618794464624, 0.40221703729015185, 0.3289582285047309, 0.3138770433657008, 0.3057912678623492, 0.2817339339504944, 0.30146655294061436, 0.27760277112568815, 0.3075150845606634, 0.2823351215731147, 0.261780328180161, 0.2890530113427917, 0.2621990685448325, 0.24422910123880656, 0.26819566129906774, 0.2611355529241035, 0.27579363595488615, 0.25316367001255596, 0.23351291663076248, 0.2307872058240914, 0.22427670456514767, 0.2396055146411884, 0.2532519823385894, 0.2544888605369381, 0.22334448143017072, 0.2523285445808633, 0.25234898677998524, 0.2249872650654038, 0.25694465692057933, 0.24492890849435256, 0.24330992475609106, 0.2560415213093436, 0.2138054134107075, 0.22539764587864555, 0.24787610787555484, 0.2289222319798967, 0.23633392027185007, 0.23148335223914657, 0.233636899594149, 0.22340817200991273, 0.2029501462092429, 0.23049873826693904, 0.21597982421974463, 0.20874285304838894, 0.19924186462639298, 0.20543989127764672, 0.2330680745510967, 0.22015330789645024, 0.22291291171422034, 0.22148892036610585, 0.23704748897830402, 0.20110805323518857, 0.1813809394470753, 0.18992316850855306, 0.19643684270923123, 0.20304748105125192, 0.20522478725646903, 0.21758330617945618, 0.18495756214016054, 0.16771346120380917, 0.17282759219956545, 0.1922709025853982, 0.1941520192323287, 0.20571987248637194, 0.17746459285905755, 0.17839797938162563, 0.17857997997041128, 0.19319605735913375, 0.19501751670442477, 0.17856377555183106, 0.17205096187035732, 0.20834276875469582, 0.1942244019427914, 0.22259049419245105, 0.19792384146912698, 0.18074603680452686, 0.1698956195196491, 0.17180288871007462, 0.21225469042918432, 0.21547820963011197, 0.1798594775923922]
The higher accuracy: 85.57692249004657
embedding_dim: 128

                n_conv_layers: 1

                kernel_size: 3

                stride: 2

                padding: 1

                pooling_kernel_size: 3

                pooling_stride: 2

                pooling_padding: 1

                num_layers: 2

                num_heads: 2

                mlp_radio: 1.0
        